@type extra-info 1.0
extra-info LebLibraries 27A5FD22519F0AF83927CEF1304EE19484247582
published 2017-11-11 15:56:25
write-history 2017-11-11 14:17:59 (14400 s) 17869283328,21320720384,17205476352,18515977216,16689439744,18674595840
read-history 2017-11-11 14:17:59 (14400 s) 17242009600,20526606336,16502275072,17825986560,16034154496,18024007680
geoip-db-digest B2E5105287668771E34A66F90B34982D419727EF
geoip6-db-digest 8DA8AC3C8158CBFDF7DB53BBF73338246872371A
router-signature
-----BEGIN SIGNATURE-----
wyge9fmMRSFlCWDTkrjj5Kt1WSupTdyQZpgLMdihjIVaiCwtjCDwn55tAjKtOltb
QoMsrfeCimBD3TjRa3tkFaAKXKbfPZeTrTSg+u+n6Q3yJmdvop8Bigvxhn55v7nH
2xfCVKe+sai0wFY7NVc94+/OXDKDb2TBpwGmNpMIP4U=
-----END SIGNATURE-----
@type extra-info 1.0
extra-info ChomelesDE 7922D7AB7531D289F04769E32B7565ED92DA2A14
published 2017-11-11 15:50:09
write-history 2017-11-11 15:37:05 (900 s) 987747328,1153917952,848638976,1243609088,1005027328,1585968128,972377088,1738878976,1147101184,1174860800,967087104,1461221376,874356736,1201717248,1075461120,1393379328,968977408,1371810816,1007472640,1381688320,1012496384,1424866304,1105889280,1667150848,1062872064,1172516864,1099657216,1431240704,1091928064,1516262400,986234880,1290770432,925334528,1662090240,1062066176,1220732928,844530688,1143880704,985808896,1205389312,920771584,1241035776,929770496,2081122304,1076869120,1367083008,960468992,1154361344,929933312,1177948160,793485312,1332728832,1417245696,1329710080,1154140160,1178976256,929984512,1694310400,837768192,1253288960,820249600,1235104768,993707008,1615911936,824134656,1442551808,1009868800,1351600128,1097940992,1114350592,819483648,1135878144,1015890944,1302210560,797773824,1482631168,926030848,1353826304,951418880,1246817280,943107072,1400316928,1031329792,1036027904,822118400,1056589824,954861568,1402310656,886914048,1175647232,966201344,1612726272,864756736,1200481280,819996672,903620608
read-history 2017-11-11 15:37:05 (900 s) 892433408,1086012416,786277376,1180564480,943610880,1521327104,913586176,1683147776,1079336960,1105917952,904561664,1398052864,803100672,1149916160,1019788288,1340804096,911469568,1311284224,950198272,1327220736,960392192,1349220352,1053699072,1610912768,987096064,1113308160,1045819392,1374544896,1039720448,1461229568,919020544,1232388096,869190656,1604399104,1009767424,1168665600,788753408,1088144384,905500672,1148305408,848405504,1182000128,874699776,2010196992,1016950784,1311405056,896334848,1099218944,876583936,1115338752,736057344,1272038400,1341598720,1275473920,1089695744,1117131776,874189824,1635123200,781324288,1175508992,751608832,1172998144,928549888,1558445056,766608384,1382435840,951473152,1273523200,1026183168,1057464320,763347968,1076485120,952271872,1247643648,743505920,1419877376,852521984,1280157696,894208000,1186779136,881691648,1340096512,979495936,977171456,747098112,991225856,898937856,1329805312,829847552,1114846208,894575616,1553345536,803499008,1125222400,760528896,840521728
dirreq-write-history 2017-11-11 15:37:05 (900 s) 68111360,34085888,29747200,26952704,29056000,26810368,26585088,17343488,33822720,34395136,29883392,27368448,37744640,16108544,23574528,15858688,23333888,25043968,22417408,18624512,18581504,38924288,18368512,19017728,41326592,23643136,20203520,21277696,19228672,18375680,34145280,24571904,21965824,20809728,20094976,18965504,22576128,20487168,47270912,22373376,38194176,22198272,20415488,30665728,23522304,18430976,28011520,18372608,18308096,24759296,22565888,22753280,36295680,18520064,26652672,23680000,19188736,17505280,22499328,37993472,30968832,23344128,27493376,17731584,20411392,21805056,23864320,38203392,34484224,20064256,20245504,20096000,26670080,14985216,20202496,22317056,36951040,34787328,20043776,20904960,24008704,22272000,17988608,21856256,39513088,26643456,20575232,32103424,18400256,20961280,35233792,18801664,24895488,37203968,24244224,27214848
dirreq-read-history 2017-11-11 15:37:05 (900 s) 10887168,3953664,2374656,2514944,2944000,2673664,2041856,2256896,3188736,3416064,2744320,2960384,1923072,1301504,2560000,1229824,1400832,1867776,1609728,2053120,2427904,1886208,1867776,2115584,1895424,1653760,2126848,2060288,2564096,1462272,1725440,2849792,2111488,2040832,1627136,2275328,1756160,2114560,1526784,2894848,1691648,1707008,1950720,1530880,1591296,1806336,1359872,2369536,1672192,2368512,2066432,2905088,1593344,2298880,2108416,2371584,1434624,1627136,2204672,1659904,1140736,2163712,1657856,1993728,2129920,2526208,3010560,1721344,1949696,2589696,2355200,1792000,2845696,1452032,2681856,2253824,1822720,2734080,2029568,2164736,1662976,1869824,1846272,1878016,2071552,1758208,1875968,2254848,1426432,1392640,1580032,2155520,1768448,2831360,2309120,2612224
geoip-db-digest C1EB5237F2FBAF63381D8551157F13D12EFCCA25
geoip6-db-digest 1F99B6B0EC78E9DB34D61AE7E0FC261D558E8E5D
router-signature
-----BEGIN SIGNATURE-----
mUp9m8qoLHPXWa6BO4jSd/yym2NB8uUzMfTxLe+WrOpKvUKh6DBso6b+e4TyLN8s
Iacejvi8ygX14zikwrxyCf8faTYzxohTYTN2z6bRzXOQnVdw5NQg96YCI8pblVxD
AFruKkWPXYelJEqfMQtr0OLtHV+9rDalRrrcTtJMJ0A=
-----END SIGNATURE-----
@type extra-info 1.0
extra-info Unnamed 8F208D1AC58FBD8975CCE4CBEF40C6802201A51C
identity-ed25519
-----BEGIN ED25519 CERT-----
AQQABmcRATZjpDmSXkyocWSElsZh9LqxICBC5vpDE9XD3Pbhbl5MAQAgBAAp9K08
FWCl55NDg0vGS4Lytp/O8kaQRPOu8EyZHrfP0KFUkSY5BPv4AT+UqU9VylgKOoIL
2HVHCTAHS4sZfTQfaY0y20ZL+xTiQPbABb3+NnNRRC6DKN9iC1mmBUXtiwo=
-----END ED25519 CERT-----
published 2017-11-11 16:49:15
write-history 2017-11-11 14:02:59 (14400 s) 25131211776,21522332672,20438172672,19492035584,16613049344,22876684288
read-history 2017-11-11 14:02:59 (14400 s) 24795159552,21080766464,20032473088,19076507648,16230109184,22459406336
geoip-db-digest 6346E26E2BC96F8511588CE2695E9B0339A75D32
geoip6-db-digest 43CCB43DBC653D8CC16396A882C5F116A6004F0C
router-sig-ed25519 Tks31qFhulUQRloJB2rUg5oLemeFwDaUcloGDwIZAAdtvkS34in7eFu2I50ZgyYRARKqOnuJWfLHvH38y36AAw
router-signature
-----BEGIN SIGNATURE-----
y+LplkSlzWA1lWxiSUfz66dfGNxOcNESFlBzWLYV+r9AqP2pygf+6YpOghLK6kid
UcMHEUOyeGEA47EhRlePxw0wG58n/5zNFxyCAfD9kIZkuetqR/COKsHEDKFPw+uZ
qCj+OZHFcwI1661bb5MlWkC1iAaocCFS4NyHCNo2oIw=
-----END SIGNATURE-----
@type extra-info 1.0
extra-info Unnamed 0E72E93593084069F72040F4FB820FA510B19D1A
identity-ed25519
-----BEGIN ED25519 CERT-----
AQQABmcXAc5itZda1BLF7EwpfyBk+HXS5gVZx16bUhbloyBL3k7DAQAgBABX9c7h
6COIRWwhxAfHIAHs+K9ZrfUXU4u4xZJeVNcAOcitDVFbyQ3UZ9rQo8hgQCMySX0s
pc6yJdrRk8urNV2HLeRPxVLTPyF07+2tyj1/J9wZVE3ppUi/pIqT95x5MA0=
-----END ED25519 CERT-----
published 2017-11-11 16:48:56
write-history 2017-11-11 14:05:40 (14400 s) 123288611840,131399029760,110488680448,83158202368,102114345984,105152912384
read-history 2017-11-11 14:05:40 (14400 s) 121154890752,129073595392,108662632448,81962903552,100577943552,103514561536
geoip-db-digest 6346E26E2BC96F8511588CE2695E9B0339A75D32
geoip6-db-digest 43CCB43DBC653D8CC16396A882C5F116A6004F0C
router-sig-ed25519 8qV9wL5eOqeKoIhakKFfKXr1XRhXuWBikjD93R1XdmAFlfFASbtGy8VhBVY2ECvu0gPLnJqrT6BxiSEvpN1vCg
router-signature
-----BEGIN SIGNATURE-----
VMK2jgP3x/pagYFfOgUp2dXZGvojMBYdNRTAKb9RXEjuZiWjuKMX5XXf/Iya79Fq
sQ59VKs9DuLXkJPV9Fyp2xBbLECEYwju379SBpwdpIqHypWzP3pL7R5BhuHiHESJ
9Czn32XmfL7Q91khf2o6LgQ7W2AVbIH5c8qN9DHiHC4=
-----END SIGNATURE-----
@type extra-info 1.0
extra-info LebLibraries 27A5FD22519F0AF83927CEF1304EE19484247582
published 2017-11-11 18:47:53
write-history 2017-11-11 18:17:59 (14400 s) 21320720384,17205476352,18515977216,16689439744,18674595840,17340778496
read-history 2017-11-11 18:17:59 (14400 s) 20526606336,16502275072,17825986560,16034154496,18024007680,16693695488
geoip-db-digest B2E5105287668771E34A66F90B34982D419727EF
geoip6-db-digest 8DA8AC3C8158CBFDF7DB53BBF73338246872371A
router-signature
-----BEGIN SIGNATURE-----
14pVopRll6TOuqbIi69cMy8ufe0pbmlvw2nYUGr1FsFNJ5gWP3mxHISLoSVIpEqz
2pFOZnyPgjh2tNhrUkPN2HaIZScZOTT+EV0Hjv0HEe/FfXjjy3IxIsN4hzZWFaRD
Ok+dzqTin3axyACPoSYSBAnfXyGIAEzvm/ucKVhAqxo=
-----END SIGNATURE-----
@type extra-info 1.0
extra-info LebLibraries 27A5FD22519F0AF83927CEF1304EE19484247582
published 2017-11-11 18:48:22
write-history 2017-11-11 18:17:59 (14400 s) 21320720384,17205476352,18515977216,16689439744,18674595840,17340778496
read-history 2017-11-11 18:17:59 (14400 s) 20526606336,16502275072,17825986560,16034154496,18024007680,16693695488
geoip-db-digest B2E5105287668771E34A66F90B34982D419727EF
geoip6-db-digest 8DA8AC3C8158CBFDF7DB53BBF73338246872371A
router-signature
-----BEGIN SIGNATURE-----
XaPF2eQZe+ngV3+KOEZ17gu2hYLNlCAZ0DWet8RD/OKpq9TfpQAoPvNCY1BW7bQp
MMW/SEESbgnOdMS+mbR0BHJGoEJKDp2UN1FEJaYF0IGZlberAfQAeRVCnaQIvYi3
V/cqV5/H2m9mZ7YP2Q2A4XDt1Lm9ge1DqK1I8aXnmrk=
-----END SIGNATURE-----
@type extra-info 1.0
extra-info Unnamed 8F208D1AC58FBD8975CCE4CBEF40C6802201A51C
identity-ed25519
-----BEGIN ED25519 CERT-----
AQQABmcRATZjpDmSXkyocWSElsZh9LqxICBC5vpDE9XD3Pbhbl5MAQAgBAAp9K08
FWCl55NDg0vGS4Lytp/O8kaQRPOu8EyZHrfP0KFUkSY5BPv4AT+UqU9VylgKOoIL
2HVHCTAHS4sZfTQfaY0y20ZL+xTiQPbABb3+NnNRRC6DKN9iC1mmBUXtiwo=
-----END ED25519 CERT-----
published 2017-11-11 16:49:28
write-history 2017-11-11 14:02:59 (14400 s) 25131211776,21522332672,20438172672,19492035584,16613049344,22876684288
read-history 2017-11-11 14:02:59 (14400 s) 24795159552,21080766464,20032473088,19076507648,16230109184,22459406336
geoip-db-digest 6346E26E2BC96F8511588CE2695E9B0339A75D32
geoip6-db-digest 43CCB43DBC653D8CC16396A882C5F116A6004F0C
router-sig-ed25519 8RigA+H0x1ECR0zT8dvT0WHtg/82+bxjLoe7/JibDIMszNrAljeNZ9W8bbALaJ5E9IKBcTpQG7FhXcOEDSxhCw
router-signature
-----BEGIN SIGNATURE-----
UnWHn+hldI8BUQfPzBq/3sIO7eYpgZp6v+RwHNw3oLgpF3OSOdrSHCzCet4cnFXw
ijdDhih/jTUB8Tza2kbBDvO0Zw2dKvwqzbHJctm1bNsS5UB9t1EZGwejEdp5Gm/b
olSxb72fHGQSWT+fjtFA9+hWZeuEWUZqsgpPd0620P4=
-----END SIGNATURE-----
@type extra-info 1.0
extra-info Unnamed 8F208D1AC58FBD8975CCE4CBEF40C6802201A51C
identity-ed25519
-----BEGIN ED25519 CERT-----
AQQABmcRATZjpDmSXkyocWSElsZh9LqxICBC5vpDE9XD3Pbhbl5MAQAgBAAp9K08
FWCl55NDg0vGS4Lytp/O8kaQRPOu8EyZHrfP0KFUkSY5BPv4AT+UqU9VylgKOoIL
2HVHCTAHS4sZfTQfaY0y20ZL+xTiQPbABb3+NnNRRC6DKN9iC1mmBUXtiwo=
-----END ED25519 CERT-----
published 2017-11-11 16:59:28
write-history 2017-11-11 14:02:59 (14400 s) 25131211776,21522332672,20438172672,19492035584,16613049344,22876684288
read-history 2017-11-11 14:02:59 (14400 s) 24795159552,21080766464,20032473088,19076507648,16230109184,22459406336
geoip-db-digest 6346E26E2BC96F8511588CE2695E9B0339A75D32
geoip6-db-digest 43CCB43DBC653D8CC16396A882C5F116A6004F0C
router-sig-ed25519 pjM/tJ8syVq+zY2nDpoG/fe5qudh+IAK5m3kbfHXVo0iwbVoOV5FmroaQASgqVFkka3ndG3Qcj+tlFmDqTzoCA
router-signature
-----BEGIN SIGNATURE-----
f1WZNRX1/Sj5NzoDEYIgJStbXRmEJsGUE6fQGKRJhl80JCMkMDAJ22cGHzenYcud
tE1+yP1wX3ooijXY4LE+dxsk0BkkVfoIfery1Rn+ErIj5cxFjhZfwOGQhyCl8Cah
nTgdesu8QlV5bjp94UFtdcIRRznA5yQh1AVIrKHVr2I=
-----END SIGNATURE-----
@type extra-info 1.0
extra-info ChomelesDE 7922D7AB7531D289F04769E32B7565ED92DA2A14
published 2017-11-11 15:50:29
write-history 2017-11-11 15:37:05 (900 s) 987747328,1153917952,848638976,1243609088,1005027328,1585968128,972377088,1738878976,1147101184,1174860800,967087104,1461221376,874356736,1201717248,1075461120,1393379328,968977408,1371810816,1007472640,1381688320,1012496384,1424866304,1105889280,1667150848,1062872064,1172516864,1099657216,1431240704,1091928064,1516262400,986234880,1290770432,925334528,1662090240,1062066176,1220732928,844530688,1143880704,985808896,1205389312,920771584,1241035776,929770496,2081122304,1076869120,1367083008,960468992,1154361344,929933312,1177948160,793485312,1332728832,1417245696,1329710080,1154140160,1178976256,929984512,1694310400,837768192,1253288960,820249600,1235104768,993707008,1615911936,824134656,1442551808,1009868800,1351600128,1097940992,1114350592,819483648,1135878144,1015890944,1302210560,797773824,1482631168,926030848,1353826304,951418880,1246817280,943107072,1400316928,1031329792,1036027904,822118400,1056589824,954861568,1402310656,886914048,1175647232,966201344,1612726272,864756736,1200481280,819996672,903620608
read-history 2017-11-11 15:37:05 (900 s) 892433408,1086012416,786277376,1180564480,943610880,1521327104,913586176,1683147776,1079336960,1105917952,904561664,1398052864,803100672,1149916160,1019788288,1340804096,911469568,1311284224,950198272,1327220736,960392192,1349220352,1053699072,1610912768,987096064,1113308160,1045819392,1374544896,1039720448,1461229568,919020544,1232388096,869190656,1604399104,1009767424,1168665600,788753408,1088144384,905500672,1148305408,848405504,1182000128,874699776,2010196992,1016950784,1311405056,896334848,1099218944,876583936,1115338752,736057344,1272038400,1341598720,1275473920,1089695744,1117131776,874189824,1635123200,781324288,1175508992,751608832,1172998144,928549888,1558445056,766608384,1382435840,951473152,1273523200,1026183168,1057464320,763347968,1076485120,952271872,1247643648,743505920,1419877376,852521984,1280157696,894208000,1186779136,881691648,1340096512,979495936,977171456,747098112,991225856,898937856,1329805312,829847552,1114846208,894575616,1553345536,803499008,1125222400,760528896,840521728
dirreq-write-history 2017-11-11 15:37:05 (900 s) 68111360,34085888,29747200,26952704,29056000,26810368,26585088,17343488,33822720,34395136,29883392,27368448,37744640,16108544,23574528,15858688,23333888,25043968,22417408,18624512,18581504,38924288,18368512,19017728,41326592,23643136,20203520,21277696,19228672,18375680,34145280,24571904,21965824,20809728,20094976,18965504,22576128,20487168,47270912,22373376,38194176,22198272,20415488,30665728,23522304,18430976,28011520,18372608,18308096,24759296,22565888,22753280,36295680,18520064,26652672,23680000,19188736,17505280,22499328,37993472,30968832,23344128,27493376,17731584,20411392,21805056,23864320,38203392,34484224,20064256,20245504,20096000,26670080,14985216,20202496,22317056,36951040,34787328,20043776,20904960,24008704,22272000,17988608,21856256,39513088,26643456,20575232,32103424,18400256,20961280,35233792,18801664,24895488,37203968,24244224,27214848
dirreq-read-history 2017-11-11 15:37:05 (900 s) 10887168,3953664,2374656,2514944,2944000,2673664,2041856,2256896,3188736,3416064,2744320,2960384,1923072,1301504,2560000,1229824,1400832,1867776,1609728,2053120,2427904,1886208,1867776,2115584,1895424,1653760,2126848,2060288,2564096,1462272,1725440,2849792,2111488,2040832,1627136,2275328,1756160,2114560,1526784,2894848,1691648,1707008,1950720,1530880,1591296,1806336,1359872,2369536,1672192,2368512,2066432,2905088,1593344,2298880,2108416,2371584,1434624,1627136,2204672,1659904,1140736,2163712,1657856,1993728,2129920,2526208,3010560,1721344,1949696,2589696,2355200,1792000,2845696,1452032,2681856,2253824,1822720,2734080,2029568,2164736,1662976,1869824,1846272,1878016,2071552,1758208,1875968,2254848,1426432,1392640,1580032,2155520,1768448,2831360,2309120,2612224
geoip-db-digest C1EB5237F2FBAF63381D8551157F13D12EFCCA25
geoip6-db-digest 1F99B6B0EC78E9DB34D61AE7E0FC261D558E8E5D
router-signature
-----BEGIN SIGNATURE-----
mz+ZLMbzkDI3vIljaJUXaPXox5q+3ZduX3aXXaXEuDwEbFYb7T5YNU9Ak+shKjQt
lDF2FWScYmjAM2J/agO49yL/6yYWvik6WcmjAHO97/TgNn8MSp53HBZRoM62bAGs
nEr7r3MHnLOWa2QQQXH5sWm1g0bwg56vqIJsvmHVYa8=
-----END SIGNATURE-----
@type extra-info 1.0
extra-info Unnamed 0E72E93593084069F72040F4FB820FA510B19D1A
identity-ed25519
-----BEGIN ED25519 CERT-----
AQQABmcXAc5itZda1BLF7EwpfyBk+HXS5gVZx16bUhbloyBL3k7DAQAgBABX9c7h
6COIRWwhxAfHIAHs+K9ZrfUXU4u4xZJeVNcAOcitDVFbyQ3UZ9rQo8hgQCMySX0s
pc6yJdrRk8urNV2HLeRPxVLTPyF07+2tyj1/J9wZVE3ppUi/pIqT95x5MA0=
-----END ED25519 CERT-----
published 2017-11-11 16:59:28
write-history 2017-11-11 14:05:40 (14400 s) 123288611840,131399029760,110488680448,83158202368,102114345984,105152912384
read-history 2017-11-11 14:05:40 (14400 s) 121154890752,129073595392,108662632448,81962903552,100577943552,103514561536
geoip-db-digest 6346E26E2BC96F8511588CE2695E9B0339A75D32
geoip6-db-digest 43CCB43DBC653D8CC16396A882C5F116A6004F0C
router-sig-ed25519 j2TLie1FiIdUiONWJCpNPlKFjfsI0GUPQUYU35ePTIZiLnw9ah3JaWlgIsWUc5NR3UaRggR1X8Aeyddwy9T9Cg
router-signature
-----BEGIN SIGNATURE-----
uYzoCsvs3wrzE77PtFEmJIxc8J3FheJyuGhbbuRQN3P/ddRQaln2AY758r3g8Wuw
Q5D2PgQJkVjFAqeQhkjvDIdviFHVvL5Id7uGkG/YfmYO/Q0zVw5m1prwxLKK9M6K
1d4a3vIUPAaDTMe+x4MeA+Qd6qugFvqM9z+YL+XmDho=
-----END SIGNATURE-----
