@type extra-info 1.0
extra-info ChomelesDE 7922D7AB7531D289F04769E32B7565ED92DA2A14
published 2017-11-06 07:49:31
write-history 2017-11-06 07:37:05 (900 s) 674333696,763710464,714470400,726301696,605700096,1549478912,726882304,890348544,799019008,868553728,706257920,883187712,687464448,767709184,639800320,1224820736,806277120,1032144896,702818304,776892416,683571200,887984128,734107648,840243200,681794560,689639424,565951488,813208576,614679552,818981888,604624896,770106368,589028352,690656256,628885504,786993152,627939328,671186944,598587392,818832384,621191168,891043840,861599744,1223891968,740614144,1011652608,744773632,983966720,752295936,859805696,755483648,858136576,757316608,1072056320,906675200,1334790144,963279872,2328823808,803911680,862408704,751874048,807019520,765468672,1630851072,967176192,945412096,818536448,695524352,870246400,1045915648,688381952,790288384,639286272,650339328,705911808,964137984,773440512,910466048,667537408,786855936,711437312,848398336,599162880,1052986368,621942784,675197952,744166400,698087424,785642496,880854016,645238784,849128448,739397632,999541760,660608000,697904128
read-history 2017-11-06 07:37:05 (900 s) 617602048,712343552,670131200,672974848,553662464,1493288960,665868288,837263360,749638656,798946304,640285696,810485760,637188096,715578368,585796608,1166540800,753055744,979145728,652912640,727426048,629884928,835101696,680950784,780806144,624320512,642029568,521917440,756982784,529539072,757556224,555616256,716923904,539842560,623789056,575667200,736444416,575670272,593898496,548045824,767671296,567605248,837359616,788439040,1155721216,688667648,956921856,694804480,935940096,683654144,808926208,687782912,801680384,689519616,1019648000,854248448,1283123200,913778688,2275137536,756403200,814350336,700894208,753297408,722166784,1562196992,921112576,894023680,770571264,649499648,813627392,995871744,640658432,755197952,587103232,599614464,654884864,914222080,721065984,859058176,591090688,740107264,664999936,797587456,533940224,991794176,553266176,613390336,674774016,644730880,719354880,829422592,599123968,799771648,668199936,944243712,612012032,608640000
dirreq-write-history 2017-11-06 07:37:05 (900 s) 20817920,14048256,8694784,17085440,15535104,17873920,24741888,17734656,13293568,33148928,32408576,35642368,14503936,16258048,18927616,20078592,17088512,14851072,14189568,14364672,18166784,17255424,17043456,22220800,21111808,11789312,11500544,19745792,49853440,25993216,14180352,18097152,14257152,33007616,19945472,16148480,16838656,42896384,15992832,15415296,18675712,17702912,38617088,30188544,17694720,21415936,15723520,13115392,34132992,15841280,33231872,22595584,33008640,16506880,17780736,16084992,14607360,15056896,14781440,13195264,15337472,20142080,8221696,30878720,8802304,15872000,13789184,10461184,19965952,11888640,12851200,11262976,16516096,14568448,15465472,13448192,15810560,14801920,43873280,12666880,11149312,14528512,30524416,27296768,33831936,28392448,34846720,17865728,30350336,14803968,11064320,13019136,36271104,19924992,13509632,53403648
dirreq-read-history 2017-11-06 07:37:05 (900 s) 1698816,943104,758784,1550336,1466368,2588672,924672,1939456,1318912,2027520,1717248,798720,906240,908288,1159168,2292736,1808384,1275904,819200,1350656,1372160,2697216,997376,1471488,1133568,1265664,1028096,1275904,1754112,1750016,2043904,1496064,1140736,884736,2146304,1754112,1072128,1089536,980992,1419264,1640448,1816576,916480,1312768,2702336,3516416,3234816,3561472,3021824,2979840,1617920,3933184,2181120,3023872,2759680,3090432,1569792,1312768,1405952,1359872,1702912,2049024,949248,1850368,567296,861184,1374208,1005568,1178624,866304,1432576,1200128,1321984,745472,2088960,1180672,1024000,1660928,1367040,1889280,651264,1500160,1235968,685056,937984,1149952,1519616,1138688,1276928,1461248,960512,793600,1506304,1786880,1158144,2031616
geoip-db-digest C1EB5237F2FBAF63381D8551157F13D12EFCCA25
geoip6-db-digest 1F99B6B0EC78E9DB34D61AE7E0FC261D558E8E5D
router-signature
-----BEGIN SIGNATURE-----
XcoGRHHgcks4v/aX1wETjhCmD9ors2J5XKyHmbgoUoB+fkxR5N2rdK0BwFaOPv/L
lm9FM5D/zbEvgg23NVF9fQVSHsmxg3HT953nukkmX+vs3OPozDmGu8OkVY5XQpaI
4fnj77ALKvn7w2FC4lxt2LVrZYJ749dJMOIR8Xeh594=
-----END SIGNATURE-----
